%YAML:1.0

#--------------------------------------------------------------------------------------------
# Camera Parameters. Adjust them!
# 参数文件说明:
# 相机: D435i 640*480 30Hz
# IMU: D435i 200HZ
# 修改IMU噪声为 allen_variance_ros标定版本
#--------------------------------------------------------------------------------------------
Camera.type: "PinHole"

# Right Camera calibration and distortion parameters (OpenCV)
Camera.fx: 576.7719605547715
Camera.fy: 576.9899752828039
Camera.cx: 327.82544038145744
Camera.cy: 248.2805343968834

# distortion parameters
Camera.k1: 0.10782648684567449
Camera.k2: -0.2563760342203129
Camera.p1: 0.0005668799136736844
Camera.p2: 0.002446972445381517

# Camera resolution
Camera.width: 640
Camera.height: 480

# Camera frames per second 
Camera.fps: 30.0 #30.0

# Color order of the images (0: BGR, 1: RGB. It is ignored if images are grayscale)
Camera.RGB: 1

# Image scale, it changes the image size to be processed (<1.0: reduce, >1.0: increase)
Camera.imageScale: 1 # 0.5 #0.7071 # 1/sqrt(2)

# Close/Far threshold. Baseline times.
ThDepth: 40.0

# stereo baseline times fx  float
Camera.bf: 40.0

# Deptmap values factor 将深度像素值转化为实际距离，原来单位是 mm，转化成 m
DepthMapFactor: 1000.0

# T_b_c
Tbc: !!opencv-matrix
   rows: 4
   cols: 4
   dt: f
   data: [0.99941297, -0.03329132,  0.00808749,  0.00004855,
          0.03340293,  0.99934278, -0.01408054, -0.00089863,
          -0.00761341,  0.01434242,  0.99986816,  0.00010071,
         0.0, 0.0, 0.0, 1.0]

# T_com_c
Tcomc: !!opencv-matrix
  rows: 4
  cols: 4
  dt: f
  data: [ -0.00000367,-0.00000367,  1.0  , 0.02,
          -1.0, 0.0,  -0.00000367, -0.01095,
          0.0 , -1.0, -0.00000367,  0.1891,
          0.0, 0.0, 0.0, 1.0 ]

# Do not insert KFs when recently lost
InsertKFsWhenLost: 0

# IMU noise (Use those from VINS-mono)
IMU.NoiseGyro: 0.00027192887042441647 #1.5022154269949482e-03
IMU.NoiseAcc: 0.002399044724201511  #1.9800002763418683e-02
IMU.GyroWalk: 5.083892563985806e-06 #1.3872980967260375e-05
IMU.AccWalk: 0.00020953606842395213 #5.8770432881875205e-04
IMU.Frequency: 200  #int

# joint 
Joint.Frequency: 150  #int

#--------------------------------------------------------------------------------------------
# ORB Parameters
#--------------------------------------------------------------------------------------------
# ORB Extractor: Number of features per image
ORBextractor.nFeatures: 1500 #1250

# ORB Extractor: Scale factor between levels in the scale pyramid 	
ORBextractor.scaleFactor: 1.2

# ORB Extractor: Number of levels in the scale pyramid	
ORBextractor.nLevels: 8

# ORB Extractor: Fast threshold
# Image is divided in a grid. At each cell FAST are extracted imposing a minimum response.
# Firstly we impose iniThFAST. If no corners are detected we impose a lower value minThFAST
# You can lower these values if your images have low contrast			
ORBextractor.iniThFAST: 20
ORBextractor.minThFAST: 7

#--------------------------------------------------------------------------------------------
# Viewer Parameters
#--------------------------------------------------------------------------------------------
Viewer.KeyFrameSize: 0.05
Viewer.KeyFrameLineWidth: 1
Viewer.GraphLineWidth: 0.9
Viewer.PointSize: 2
Viewer.CameraSize: 0.08
Viewer.CameraLineWidth: 3
Viewer.ViewpointX: 0
Viewer.ViewpointY: -0.7
Viewer.ViewpointZ: -3.5
Viewer.ViewpointF: 500
#--------------------------------------------------------------------------------------------
# PointCloud Mapping
#--------------------------------------------------------------------------------------------
PointCloudMapping.Resolution: 0.01
meank: 50
thresh: 2.0